$self.energy: imaginary piece per atom
    1      -2.0087950      2.2106682     11.3117119    n     empty    0.00000000000000D+00
    2      -2.7558495      3.2949643     11.5017941    c     empty    0.00000000000000D+00
    3      -1.8193081      2.0701774      9.9450951    c     empty    0.00000000000000D+00
    4      -2.4742586      3.0978715      9.3047487    c     empty    0.00000000000000D+00
    5      -3.0553463      3.8573897     10.3034076    n     empty    0.00000000000000D+00
    6      -3.0799313      3.6811153     12.4619985    h     empty    0.00000000000000D+00
    7      -2.5692050      3.3453094      8.2538356    h     empty    0.00000000000000D+00
    8      -1.0410912      0.9330999      9.3763114    c     empty    0.00000000000000D+00
    9      -0.0263445      0.9309098      9.8100814    h     empty    0.00000000000000D+00
   10      -0.9340221      1.0685521      8.2879956    h     empty    0.00000000000000D+00
   11      -1.7173545     -0.4164722      9.6467294    c     empty    0.00000000000000D+00
   12      -1.7349600     -0.6212805     10.7331104    h     empty    0.00000000000000D+00
   13      -2.7543242     -0.3975729      9.2841054    h     empty    0.00000000000000D+00
   14      -1.0078789     -1.4950985      8.9135777    n     empty    0.00000000000000D+00
   15      -0.0413805     -1.5750891      9.2467893    h     empty    0.00000000000000D+00
   16      -1.4515316     -2.3989533      9.1000677    h     empty    0.00000000000000D+00
   17      -3.6063445      4.7003051     10.1691636    h     empty    0.00000000000000D+00
   18      -1.0125733     -1.1592826      6.6838992    au    empty    0.00000000000000D+00
   19      -0.9743725      0.9417103      4.8629699    au    empty    0.00000000000000D+00
   20       0.9315676     -1.2932181      4.7561206    au    empty    0.00000000000000D+00
   21      -1.9515006     -1.8056331      4.2726343    au    empty    0.00000000000000D+00
   22      -0.9836486      2.9086829      2.8339737    au    left     0.50000000000000D-01
   23       0.8972855      0.7232079      2.7934271    au    left     0.50000000000000D-01
   24       2.7782196     -1.4622671      2.7528805    au    left     0.50000000000000D-01
   25      -1.9012255      0.2262276      2.3063906    au    left     0.50000000000000D-01
   26      -0.0202915     -1.9592474      2.2658440    au    left     0.50000000000000D-01
   27      -2.8188025     -2.4562277      1.7788075    au    left     0.50000000000000D-01
   28       0.9175769      2.6824553      0.6775831    au    left     0.10000000000000D+00
   29       2.7985110      0.4969803      0.6370365    au    left     0.10000000000000D+00
   30      -1.8809341      2.1854750      0.1905466    au    left     0.10000000000000D+00
   31       0.0000000      0.0000000      0.1500000    au    left     0.10000000000000D+00
   32       1.8809341     -2.1854750      0.1094534    au    left     0.10000000000000D+00
   33      -2.7985110     -0.4969803     -0.3370365    au    left     0.10000000000000D+00
   34      -0.9175770     -2.6824553     -0.3775831    au    left     0.10000000000000D+00
   35      -3.7821596      2.4117026      2.3469372    au    left     0.50000000000000D-01
   36      -1.3049289      0.9123329     12.9312270    au    empty    0.00000000000000D+00
   37      -0.2175057     -0.9075043     14.5805799    au    empty    0.00000000000000D+00
   38       0.1724797      1.9796445     14.9788859    au    empty    0.00000000000000D+00
   39      -2.5707055      0.7940338     15.3249750    au    empty    0.00000000000000D+00
   40       0.8006754     -2.7222634     16.4896006    au    right    0.50000000000000D-01
   41       1.1842288      0.1197813     16.7921339    au    right    0.50000000000000D-01
   42       1.5677821      2.9618261     17.0946673    au    right    0.50000000000000D-01
   43      -1.4390028     -1.0262496     17.1401671    au    right    0.50000000000000D-01
   44      -1.0554494      1.8157951     17.4427004    au    right    0.50000000000000D-01
   45      -3.6786810      0.6697642     17.7907336    au    right    0.50000000000000D-01
   46       2.2396782     -1.6960138     18.7681837    au    right    0.10000000000000D+00
   47       2.6232316      1.1460310     19.0707170    au    right    0.10000000000000D+00
   48      -0.3835534     -2.8420447     19.1162168    au    right    0.10000000000000D+00
   49       0.0000000      0.0000000     19.4187501    au    right    0.10000000000000D+00
   50       0.3835534      2.8420447     19.7212834    au    right    0.10000000000000D+00
   51      -2.6232315     -1.1460310     19.7667833    au    right    0.10000000000000D+00
   52      -2.2396782      1.6960138     20.0693166    au    right    0.10000000000000D+00
   53      -1.8225562     -3.8682943     16.8376338    au    right    0.50000000000000D-01
$end
