$self.energy: imaginary piece per atom
    1      -1.9680411      2.4742954     11.2467087    n     empty    0.00000000000000D+00
    2      -2.5484985      3.6424274     11.5057905    c     empty    0.00000000000000D+00
    3      -1.8977536      2.3401075      9.8693529    c     empty    0.00000000000000D+00
    4      -2.4555189      3.4568169      9.2901438    c     empty    0.00000000000000D+00
    5      -2.8568451      4.2643684     10.3386773    n     empty    0.00000000000000D+00
    6      -2.7502841      4.0486674     12.4908217    h     empty    0.00000000000000D+00
    7      -2.5881494      3.7390073      8.2522268    h     empty    0.00000000000000D+00
    8      -1.2919416      1.1259584      9.2557733    c     empty    0.00000000000000D+00
    9      -0.2639692      1.0126572      9.6418533    h     empty    0.00000000000000D+00
   10      -1.2159681      1.2455579      8.1635189    h     empty    0.00000000000000D+00
   11      -2.0919901     -0.1409054      9.5807164    c     empty    0.00000000000000D+00
   12      -2.2492491     -0.2196032     10.6728733    h     empty    0.00000000000000D+00
   13      -3.0748798     -0.1069689      9.0911760    h     empty    0.00000000000000D+00
   14      -1.3715682     -1.3360761      9.0762672    n     empty    0.00000000000000D+00
   15      -0.4842486     -1.4462909      9.5785530    h     empty    0.00000000000000D+00
   16      -1.9157953     -2.1829715      9.2631203    h     empty    0.00000000000000D+00
   17      -3.3021984      5.1736533     10.2546610    h     empty    0.00000000000000D+00
   18      -1.0229915     -1.1896351      6.8678954    au    empty    0.00000000000000D+00
   19      -0.9719278      0.9379156      5.0583452    au    empty    0.00000000000000D+00
   20       0.9234864     -1.2982404      4.9595204    au    empty    0.00000000000000D+00
   21      -1.9487418     -1.8296520      4.4593761    au    empty    0.00000000000000D+00
   22      -0.9836486      2.9086829      3.0339737    au    left     0.50000000000000D-01
   23       0.8972855      0.7232079      2.9934271    au    left     0.50000000000000D-01
   24       2.7782196     -1.4622671      2.9528805    au    left     0.50000000000000D-01
   25      -1.9012255      0.2262276      2.5063906    au    left     0.50000000000000D-01
   26      -0.0202915     -1.9592474      2.4658440    au    left     0.50000000000000D-01
   27      -2.8188025     -2.4562277      1.9788075    au    left     0.50000000000000D-01
   28       0.9175769      2.6824553      0.8775831    au    left     0.10000000000000D+00
   29       2.7985110      0.4969803      0.8370365    au    left     0.10000000000000D+00
   30      -1.8809341      2.1854750      0.3905466    au    left     0.10000000000000D+00
   31       0.0000000      0.0000000      0.3500000    au    left     0.10000000000000D+00
   32       1.8809341     -2.1854750      0.3094534    au    left     0.10000000000000D+00
   33      -2.7985110     -0.4969803     -0.1370365    au    left     0.10000000000000D+00
   34      -0.9175770     -2.6824553     -0.1775831    au    left     0.10000000000000D+00
   35      -3.7821596      2.4117026      2.5469372    au    left     0.50000000000000D-01
   36      -1.3306790      0.9979434     12.7490270    au    empty    0.00000000000000D+00
   37      -0.2410892     -0.8707223     14.3677471    au    empty    0.00000000000000D+00
   38       0.1808759      2.0004879     14.7871144    au    empty    0.00000000000000D+00
   39      -2.5864963      0.7953479     15.1313994    au    empty    0.00000000000000D+00
   40       0.8006754     -2.7222634     16.2896006    au    right    0.50000000000000D-01
   41       1.1842288      0.1197813     16.5921339    au    right    0.50000000000000D-01
   42       1.5677821      2.9618261     16.8946673    au    right    0.50000000000000D-01
   43      -1.4390028     -1.0262496     16.9401671    au    right    0.50000000000000D-01
   44      -1.0554494      1.8157951     17.2427004    au    right    0.50000000000000D-01
   45      -3.6786810      0.6697642     17.5907336    au    right    0.50000000000000D-01
   46       2.2396782     -1.6960138     18.5681837    au    right    0.10000000000000D+00
   47       2.6232316      1.1460310     18.8707169    au    right    0.10000000000000D+00
   48      -0.3835534     -2.8420447     18.9162168    au    right    0.10000000000000D+00
   49       0.0000000      0.0000000     19.2187501    au    right    0.10000000000000D+00
   50       0.3835534      2.8420447     19.5212834    au    right    0.10000000000000D+00
   51      -2.6232315     -1.1460310     19.5667833    au    right    0.10000000000000D+00
   52      -2.2396782      1.6960138     19.8693166    au    right    0.10000000000000D+00
   53      -1.8225562     -3.8682943     16.6376338    au    right    0.50000000000000D-01
$end
