$self.energy: imaginary piece per atom
    1      -1.9179374      2.0261170     11.5038501    n     empty    0.00000000000000D+00
    2      -2.6620392      3.1095196     11.7182491    c     empty    0.00000000000000D+00
    3      -1.7073390      1.9391841     10.1317937    c     empty    0.00000000000000D+00
    4      -2.3462454      2.9976848      9.5242793    c     empty    0.00000000000000D+00
    5      -2.9402788      3.7208588     10.5396921    n     empty    0.00000000000000D+00
    6      -2.9959032      3.4649593     12.6870305    h     empty    0.00000000000000D+00
    7      -2.4211108      3.2869610      8.4823818    h     empty    0.00000000000000D+00
    8      -0.9328150      0.8398599      9.4801187    c     empty    0.00000000000000D+00
    9       0.0322559      0.7131635      9.9984282    h     empty    0.00000000000000D+00
   10      -0.7137645      1.1297791      8.4400904    h     empty    0.00000000000000D+00
   11      -1.6946918     -0.4913826      9.4660180    c     empty    0.00000000000000D+00
   12      -1.7750912     -0.8908305     10.4909806    h     empty    0.00000000000000D+00
   13      -2.7109006     -0.3382859      9.0778669    h     empty    0.00000000000000D+00
   14      -1.0184449     -1.4671225      8.5672781    n     empty    0.00000000000000D+00
   15      -0.0463679     -1.6035211      8.8640310    h     empty    0.00000000000000D+00
   16      -1.4707071     -2.3822119      8.6502382    h     empty    0.00000000000000D+00
   17      -3.4816785      4.5736184     10.4304263    h     empty    0.00000000000000D+00
   18      -1.0247995     -0.9963590      6.3353930    au    empty    0.00000000000000D+00
   19      -0.9720557      0.9937489      4.4628318    au    empty    0.00000000000000D+00
   20       0.9137638     -1.2659032      4.3689862    au    empty    0.00000000000000D+00
   21      -1.9380497     -1.7698952      3.8991053    au    empty    0.00000000000000D+00
   22      -0.9836486      2.9086829      2.4339737    au    left     0.50000000000000D-01
   23       0.8972855      0.7232079      2.3934271    au    left     0.50000000000000D-01
   24       2.7782196     -1.4622671      2.3528805    au    left     0.50000000000000D-01
   25      -1.9012255      0.2262276      1.9063906    au    left     0.50000000000000D-01
   26      -0.0202915     -1.9592474      1.8658440    au    left     0.50000000000000D-01
   27      -2.8188025     -2.4562277      1.3788075    au    left     0.50000000000000D-01
   28       0.9175769      2.6824553      0.2775831    au    left     0.10000000000000D+00
   29       2.7985110      0.4969803      0.2370365    au    left     0.10000000000000D+00
   30      -1.8809341      2.1854750     -0.2094534    au    left     0.10000000000000D+00
   31       0.0000000      0.0000000     -0.2500000    au    left     0.10000000000000D+00
   32       1.8809341     -2.1854750     -0.2905466    au    left     0.10000000000000D+00
   33      -2.7985110     -0.4969803     -0.7370365    au    left     0.10000000000000D+00
   34      -0.9175770     -2.6824553     -0.7775831    au    left     0.10000000000000D+00
   35      -3.7821596      2.4117026      1.9469372    au    left     0.50000000000000D-01
   36      -1.2665452      0.8346602     13.2545424    au    empty    0.00000000000000D+00
   37      -0.2050052     -0.9281537     14.9799815    au    empty    0.00000000000000D+00
   38       0.1541697      1.9568856     15.3614606    au    empty    0.00000000000000D+00
   39      -2.5381930      0.7905615     15.6943967    au    empty    0.00000000000000D+00
   40       0.8006754     -2.7222634     16.8896006    au    right    0.50000000000000D-01
   41       1.1842288      0.1197813     17.1921339    au    right    0.50000000000000D-01
   42       1.5677821      2.9618261     17.4946672    au    right    0.50000000000000D-01
   43      -1.4390028     -1.0262496     17.5401671    au    right    0.50000000000000D-01
   44      -1.0554494      1.8157951     17.8427004    au    right    0.50000000000000D-01
   45      -3.6786810      0.6697642     18.1907336    au    right    0.50000000000000D-01
   46       2.2396782     -1.6960138     19.1681836    au    right    0.10000000000000D+00
   47       2.6232316      1.1460310     19.4707169    au    right    0.10000000000000D+00
   48      -0.3835534     -2.8420447     19.5162168    au    right    0.10000000000000D+00
   49       0.0000000      0.0000000     19.8187501    au    right    0.10000000000000D+00
   50       0.3835534      2.8420447     20.1212834    au    right    0.10000000000000D+00
   51      -2.6232315     -1.1460310     20.1667833    au    right    0.10000000000000D+00
   52      -2.2396782      1.6960138     20.4693166    au    right    0.10000000000000D+00
   53      -1.8225562     -3.8682943     17.2376338    au    right    0.50000000000000D-01
$end
