$self.energy: imaginary piece per atom
    1      -2.0203030      2.2990969     11.2360054    n     empty    0.00000000000000D+00
    2      -2.7462764      3.3997698     11.4140836    c     empty    0.00000000000000D+00
    3      -1.8378267      2.1385944      9.8710606    c     empty    0.00000000000000D+00
    4      -2.4751300      3.1690497      9.2181891    c     empty    0.00000000000000D+00
    5      -3.0384628      3.9522906     10.2087011    n     empty    0.00000000000000D+00
    6      -3.0618944      3.8060233     12.3687140    h     empty    0.00000000000000D+00
    7      -2.5679665      3.4033908      8.1639784    h     empty    0.00000000000000D+00
    8      -1.0747806      0.9835935      9.3206625    c     empty    0.00000000000000D+00
    9      -0.0465311      0.9999506      9.7216021    h     empty    0.00000000000000D+00
   10      -1.0007601      1.0788118      8.2251760    h     empty    0.00000000000000D+00
   11      -1.7364085     -0.3558902      9.6646677    c     empty    0.00000000000000D+00
   12      -1.7508866     -0.5023580     10.7619020    h     empty    0.00000000000000D+00
   13      -2.7738287     -0.3694329      9.3029152    h     empty    0.00000000000000D+00
   14      -1.0125528     -1.4647794      8.9951412    n     empty    0.00000000000000D+00
   15      -0.0485947     -1.5200308      9.3405082    h     empty    0.00000000000000D+00
   16      -1.4516254     -2.3620051      9.2200784    h     empty    0.00000000000000D+00
   17      -3.5746155      4.8030408     10.0637167    h     empty    0.00000000000000D+00
   18      -1.0104263     -1.2012167      6.7670724    au    empty    0.00000000000000D+00
   19      -0.9753401      0.9284177      4.9590233    au    empty    0.00000000000000D+00
   20       0.9356745     -1.3001059      4.8519046    au    empty    0.00000000000000D+00
   21      -1.9544064     -1.8165688      4.3644439    au    empty    0.00000000000000D+00
   22      -0.9836486      2.9086829      2.9339737    au    left     0.50000000000000D-01
   23       0.8972855      0.7232079      2.8934271    au    left     0.50000000000000D-01
   24       2.7782196     -1.4622671      2.8528805    au    left     0.50000000000000D-01
   25      -1.9012255      0.2262276      2.4063906    au    left     0.50000000000000D-01
   26      -0.0202915     -1.9592474      2.3658440    au    left     0.50000000000000D-01
   27      -2.8188025     -2.4562277      1.8788075    au    left     0.50000000000000D-01
   28       0.9175769      2.6824553      0.7775831    au    left     0.10000000000000D+00
   29       2.7985110      0.4969803      0.7370365    au    left     0.10000000000000D+00
   30      -1.8809341      2.1854750      0.2905466    au    left     0.10000000000000D+00
   31       0.0000000      0.0000000      0.2500000    au    left     0.10000000000000D+00
   32       1.8809341     -2.1854750      0.2094534    au    left     0.10000000000000D+00
   33      -2.7985110     -0.4969803     -0.2370365    au    left     0.10000000000000D+00
   34      -0.9175770     -2.6824553     -0.2775831    au    left     0.10000000000000D+00
   35      -3.7821596      2.4117026      2.4469372    au    left     0.50000000000000D-01
   36      -1.3325618      0.9529251     12.8333149    au    empty    0.00000000000000D+00
   37      -0.2331062     -0.8859462     14.4731587    au    empty    0.00000000000000D+00
   38       0.1698014      1.9873059     14.8804854    au    empty    0.00000000000000D+00
   39      -2.5802417      0.7969900     15.2277216    au    empty    0.00000000000000D+00
   40       0.8006754     -2.7222634     16.3896006    au    right    0.50000000000000D-01
   41       1.1842288      0.1197813     16.6921339    au    right    0.50000000000000D-01
   42       1.5677821      2.9618261     16.9946672    au    right    0.50000000000000D-01
   43      -1.4390028     -1.0262496     17.0401671    au    right    0.50000000000000D-01
   44      -1.0554494      1.8157951     17.3427004    au    right    0.50000000000000D-01
   45      -3.6786810      0.6697642     17.6907336    au    right    0.50000000000000D-01
   46       2.2396782     -1.6960138     18.6681836    au    right    0.10000000000000D+00
   47       2.6232316      1.1460310     18.9707169    au    right    0.10000000000000D+00
   48      -0.3835534     -2.8420447     19.0162168    au    right    0.10000000000000D+00
   49       0.0000000      0.0000000     19.3187501    au    right    0.10000000000000D+00
   50       0.3835534      2.8420447     19.6212834    au    right    0.10000000000000D+00
   51      -2.6232315     -1.1460310     19.6667833    au    right    0.10000000000000D+00
   52      -2.2396782      1.6960138     19.9693166    au    right    0.10000000000000D+00
   53      -1.8225562     -3.8682943     16.7376338    au    right    0.50000000000000D-01
$end
