$self.energy: imaginary piece per atom
    1      -2.0050910      2.1800882     11.3372226    n     empty    0.00000000000000D+00
    2      -2.7552187      3.2614161     11.5334379    c     empty    0.00000000000000D+00
    3      -1.8154241      2.0488494      9.9693072    c     empty    0.00000000000000D+00
    4      -2.4735401      3.0788313      9.3357698    c     empty    0.00000000000000D+00
    5      -3.0567314      3.8304437     10.3388180    n     empty    0.00000000000000D+00
    6      -3.0797406      3.6414872     12.4959556    h     empty    0.00000000000000D+00
    7      -2.5690684      3.3321171      8.2863267    h     empty    0.00000000000000D+00
    8      -1.0347608      0.9203243      9.3859687    c     empty    0.00000000000000D+00
    9      -0.0238351      0.9071135      9.8280550    h     empty    0.00000000000000D+00
   10      -0.9184929      1.0783160      8.3016697    h     empty    0.00000000000000D+00
   11      -1.7162443     -0.4330880      9.6213171    c     empty    0.00000000000000D+00
   12      -1.7357340     -0.6658146     10.7013182    h     empty    0.00000000000000D+00
   13      -2.7525611     -0.4007611      9.2578655    h     empty    0.00000000000000D+00
   14      -1.0107359     -1.4962334      8.8609441    n     empty    0.00000000000000D+00
   15      -0.0425038     -1.5841154      9.1867865    h     empty    0.00000000000000D+00
   16      -1.4542852     -2.4035485      9.0297805    h     empty    0.00000000000000D+00
   17      -3.6097598      4.6728644     10.2099180    h     empty    0.00000000000000D+00
   18      -1.0189392     -1.1319817      6.6363571    au    empty    0.00000000000000D+00
   19      -0.9755196      0.9515997      4.8118606    au    empty    0.00000000000000D+00
   20       0.9274007     -1.2881022      4.7068748    au    empty    0.00000000000000D+00
   21      -1.9519552     -1.7993190      4.2246949    au    empty    0.00000000000000D+00
   22      -0.9836486      2.9086829      2.7839737    au    left     0.50000000000000D-01
   23       0.8972855      0.7232079      2.7434271    au    left     0.50000000000000D-01
   24       2.7782196     -1.4622671      2.7028805    au    left     0.50000000000000D-01
   25      -1.9012255      0.2262276      2.2563906    au    left     0.50000000000000D-01
   26      -0.0202915     -1.9592474      2.2158440    au    left     0.50000000000000D-01
   27      -2.8188025     -2.4562277      1.7288075    au    left     0.50000000000000D-01
   28       0.9175769      2.6824553      0.6275831    au    left     0.10000000000000D+00
   29       2.7985110      0.4969803      0.5870365    au    left     0.10000000000000D+00
   30      -1.8809341      2.1854750      0.1405466    au    left     0.10000000000000D+00
   31       0.0000000      0.0000000      0.1000000    au    left     0.10000000000000D+00
   32       1.8809341     -2.1854750      0.0594534    au    left     0.10000000000000D+00
   33      -2.7985110     -0.4969803     -0.3870365    au    left     0.10000000000000D+00
   34      -0.9175770     -2.6824553     -0.4275831    au    left     0.10000000000000D+00
   35      -3.7821596      2.4117026      2.2969372    au    left     0.50000000000000D-01
   36      -1.3008030      0.8946174     12.9695636    au    empty    0.00000000000000D+00
   37      -0.2155304     -0.9126971     14.6303962    au    empty    0.00000000000000D+00
   38       0.1685006      1.9747341     15.0269265    au    empty    0.00000000000000D+00
   39      -2.5662636      0.7936633     15.3711103    au    empty    0.00000000000000D+00
   40       0.8006754     -2.7222634     16.5396006    au    right    0.50000000000000D-01
   41       1.1842288      0.1197813     16.8421339    au    right    0.50000000000000D-01
   42       1.5677821      2.9618261     17.1446673    au    right    0.50000000000000D-01
   43      -1.4390028     -1.0262496     17.1901671    au    right    0.50000000000000D-01
   44      -1.0554494      1.8157951     17.4927004    au    right    0.50000000000000D-01
   45      -3.6786810      0.6697642     17.8407336    au    right    0.50000000000000D-01
   46       2.2396782     -1.6960138     18.8181837    au    right    0.10000000000000D+00
   47       2.6232316      1.1460310     19.1207169    au    right    0.10000000000000D+00
   48      -0.3835534     -2.8420447     19.1662168    au    right    0.10000000000000D+00
   49       0.0000000      0.0000000     19.4687501    au    right    0.10000000000000D+00
   50       0.3835534      2.8420447     19.7712834    au    right    0.10000000000000D+00
   51      -2.6232315     -1.1460310     19.8167833    au    right    0.10000000000000D+00
   52      -2.2396782      1.6960138     20.1193166    au    right    0.10000000000000D+00
   53      -1.8225562     -3.8682943     16.8876338    au    right    0.50000000000000D-01
$end
