$self.energy: imaginary piece per atom
    1      -2.0122493      2.2304723     11.2922367    n     empty    0.00000000000000D+00
    2      -2.7564841      3.3167875     11.4800141    c     empty    0.00000000000000D+00
    3      -1.8235235      2.0846302      9.9267630    c     empty    0.00000000000000D+00
    4      -2.4762493      3.1114352      9.2830106    c     empty    0.00000000000000D+00
    5      -3.0549749      3.8757205     10.2796709    n     empty    0.00000000000000D+00
    6      -3.0792623      3.7064481     12.4392613    h     empty    0.00000000000000D+00
    7      -2.5710474      3.3552649      8.2313081    h     empty    0.00000000000000D+00
    8      -1.0464392      0.9421369      9.3679708    c     empty    0.00000000000000D+00
    9      -0.0295062      0.9471111      9.7968324    h     empty    0.00000000000000D+00
   10      -0.9446229      1.0637009      8.2774979    h     empty    0.00000000000000D+00
   11      -1.7191437     -0.4046681      9.6612317    c     empty    0.00000000000000D+00
   12      -1.7363944     -0.5916640     10.7512756    h     empty    0.00000000000000D+00
   13      -2.7559350     -0.3952020      9.2977008    h     empty    0.00000000000000D+00
   14      -1.0060194     -1.4940376      8.9484683    n     empty    0.00000000000000D+00
   15      -0.0402544     -1.5684103      9.2848682    h     empty    0.00000000000000D+00
   16      -1.4500124     -2.3955597      9.1446874    h     empty    0.00000000000000D+00
   17      -3.6042925      4.7192793     10.1428380    h     empty    0.00000000000000D+00
   18      -1.0124729     -1.1753083      6.7240076    au    empty    0.00000000000000D+00
   19      -0.9757550      0.9371779      4.9111904    au    empty    0.00000000000000D+00
   20       0.9330053     -1.2957533      4.8040160    au    empty    0.00000000000000D+00
   21      -1.9540533     -1.8092514      4.3186106    au    empty    0.00000000000000D+00
   22      -0.9836486      2.9086829      2.8839737    au    left     0.50000000000000D-01
   23       0.8972855      0.7232079      2.8434271    au    left     0.50000000000000D-01
   24       2.7782196     -1.4622671      2.8028805    au    left     0.50000000000000D-01
   25      -1.9012255      0.2262276      2.3563906    au    left     0.50000000000000D-01
   26      -0.0202915     -1.9592474      2.3158440    au    left     0.50000000000000D-01
   27      -2.8188025     -2.4562277      1.8288075    au    left     0.50000000000000D-01
   28       0.9175769      2.6824553      0.7275831    au    left     0.10000000000000D+00
   29       2.7985110      0.4969803      0.6870365    au    left     0.10000000000000D+00
   30      -1.8809341      2.1854750      0.2405466    au    left     0.10000000000000D+00
   31       0.0000000      0.0000000      0.2000000    au    left     0.10000000000000D+00
   32       1.8809341     -2.1854750      0.1594534    au    left     0.10000000000000D+00
   33      -2.7985110     -0.4969803     -0.2870365    au    left     0.10000000000000D+00
   34      -0.9175770     -2.6824553     -0.3275831    au    left     0.10000000000000D+00
   35      -3.7821596      2.4117026      2.3969372    au    left     0.50000000000000D-01
   36      -1.3077266      0.9124696     12.8906014    au    empty    0.00000000000000D+00
   37      -0.2182997     -0.9093864     14.5311495    au    empty    0.00000000000000D+00
   38       0.1737376      1.9809842     14.9312291    au    empty    0.00000000000000D+00
   39      -2.5746892      0.7930891     15.2788132    au    empty    0.00000000000000D+00
   40       0.8006754     -2.7222634     16.4396006    au    right    0.50000000000000D-01
   41       1.1842288      0.1197813     16.7421339    au    right    0.50000000000000D-01
   42       1.5677821      2.9618261     17.0446672    au    right    0.50000000000000D-01
   43      -1.4390028     -1.0262496     17.0901671    au    right    0.50000000000000D-01
   44      -1.0554494      1.8157951     17.3927004    au    right    0.50000000000000D-01
   45      -3.6786810      0.6697642     17.7407336    au    right    0.50000000000000D-01
   46       2.2396782     -1.6960138     18.7181837    au    right    0.10000000000000D+00
   47       2.6232316      1.1460310     19.0207170    au    right    0.10000000000000D+00
   48      -0.3835534     -2.8420447     19.0662168    au    right    0.10000000000000D+00
   49       0.0000000      0.0000000     19.3687501    au    right    0.10000000000000D+00
   50       0.3835534      2.8420447     19.6712834    au    right    0.10000000000000D+00
   51      -2.6232315     -1.1460310     19.7167833    au    right    0.10000000000000D+00
   52      -2.2396782      1.6960138     20.0193166    au    right    0.10000000000000D+00
   53      -1.8225562     -3.8682943     16.7876338    au    right    0.50000000000000D-01
$end
