$self.energy: imaginary piece per atom
    1      -1.8682537      1.9267001     11.5914200    n     empty    0.00000000000000D+00
    2      -2.5679646      3.0441301     11.7823675    c     empty    0.00000000000000D+00
    3      -1.6369174      1.8212960     10.2221121    c     empty    0.00000000000000D+00
    4      -2.2166692      2.9043032      9.5976042    c     empty    0.00000000000000D+00
    5      -2.7979286      3.6591766     10.5956478    n     empty    0.00000000000000D+00
    6      -2.9023438      3.4234480     12.7419314    h     empty    0.00000000000000D+00
    7      -2.2561878      3.1907774      8.5529189    h     empty    0.00000000000000D+00
    8      -0.9074262      0.6909573      9.5657804    c     empty    0.00000000000000D+00
    9      -0.0323159      0.4135326     10.1753500    h     empty    0.00000000000000D+00
   10      -0.5332016      1.0398538      8.5901517    h     empty    0.00000000000000D+00
   11      -1.7966495     -0.5387222      9.3313596    c     empty    0.00000000000000D+00
   12      -2.0130799     -1.0345441     10.2915582    h     empty    0.00000000000000D+00
   13      -2.7510809     -0.2318803      8.8829074    h     empty    0.00000000000000D+00
   14      -1.1456885     -1.4887926      8.3826910    n     empty    0.00000000000000D+00
   15      -0.1983449     -1.7127119      8.7051403    h     empty    0.00000000000000D+00
   16      -1.6593624     -2.3749081      8.3844912    h     empty    0.00000000000000D+00
   17      -3.2976857      4.5349633     10.4708418    h     empty    0.00000000000000D+00
   18      -1.0407317     -0.9465382      6.1532175    au    empty    0.00000000000000D+00
   19      -0.9689296      1.0081403      4.2635148    au    empty    0.00000000000000D+00
   20       0.9006002     -1.2552075      4.1758038    au    empty    0.00000000000000D+00
   21      -1.9355274     -1.7619146      3.7055848    au    empty    0.00000000000000D+00
   22      -0.9836486      2.9086829      2.2339737    au    left     0.50000000000000D-01
   23       0.8972855      0.7232079      2.1934271    au    left     0.50000000000000D-01
   24       2.7782196     -1.4622671      2.1528805    au    left     0.50000000000000D-01
   25      -1.9012255      0.2262276      1.7063906    au    left     0.50000000000000D-01
   26      -0.0202915     -1.9592474      1.6658440    au    left     0.50000000000000D-01
   27      -2.8188025     -2.4562277      1.1788075    au    left     0.50000000000000D-01
   28       0.9175769      2.6824553      0.0775831    au    left     0.10000000000000D+00
   29       2.7985110      0.4969803      0.0370365    au    left     0.10000000000000D+00
   30      -1.8809341      2.1854750     -0.4094534    au    left     0.10000000000000D+00
   31       0.0000000      0.0000000     -0.4500000    au    left     0.10000000000000D+00
   32       1.8809341     -2.1854750     -0.4905466    au    left     0.10000000000000D+00
   33      -2.7985110     -0.4969803     -0.9370365    au    left     0.10000000000000D+00
   34      -0.9175770     -2.6824553     -0.9775831    au    left     0.10000000000000D+00
   35      -3.7821596      2.4117026      1.7469372    au    left     0.50000000000000D-01
   36      -1.2704793      0.8125336     13.4304996    au    empty    0.00000000000000D+00
   37      -0.2030835     -0.9325004     15.1827048    au    empty    0.00000000000000D+00
   38       0.1447631      1.9493711     15.5545482    au    empty    0.00000000000000D+00
   39      -2.5302925      0.7910906     15.8851634    au    empty    0.00000000000000D+00
   40       0.8006754     -2.7222634     17.0896006    au    right    0.50000000000000D-01
   41       1.1842288      0.1197813     17.3921339    au    right    0.50000000000000D-01
   42       1.5677821      2.9618261     17.6946672    au    right    0.50000000000000D-01
   43      -1.4390028     -1.0262496     17.7401671    au    right    0.50000000000000D-01
   44      -1.0554494      1.8157951     18.0427004    au    right    0.50000000000000D-01
   45      -3.6786810      0.6697642     18.3907336    au    right    0.50000000000000D-01
   46       2.2396782     -1.6960138     19.3681836    au    right    0.10000000000000D+00
   47       2.6232316      1.1460310     19.6707169    au    right    0.10000000000000D+00
   48      -0.3835534     -2.8420447     19.7162168    au    right    0.10000000000000D+00
   49       0.0000000      0.0000000     20.0187501    au    right    0.10000000000000D+00
   50       0.3835534      2.8420447     20.3212834    au    right    0.10000000000000D+00
   51      -2.6232315     -1.1460310     20.3667833    au    right    0.10000000000000D+00
   52      -2.2396782      1.6960138     20.6693166    au    right    0.10000000000000D+00
   53      -1.8225562     -3.8682943     17.4376338    au    right    0.50000000000000D-01
$end
