$self.energy: imaginary piece per atom
    1      -2.0025116      2.1224385     11.3882873    n     empty    0.00000000000000D+00
    2      -2.7597618      3.1973393     11.5948771    c     empty    0.00000000000000D+00
    3      -1.8150711      2.0058210     10.0177222    c     empty    0.00000000000000D+00
    4      -2.4820350      3.0374896      9.3958791    c     empty    0.00000000000000D+00
    5      -3.0684066      3.7754665     10.4066939    n     empty    0.00000000000000D+00
    6      -3.0838045      3.5672292     12.5615355    h     empty    0.00000000000000D+00
    7      -2.5815934      3.3003497      8.3491483    h     empty    0.00000000000000D+00
    8      -1.0294199      0.8922693      9.4111163    c     empty    0.00000000000000D+00
    9      -0.0272952      0.8583244      9.8712803    h     empty    0.00000000000000D+00
   10      -0.8924733      1.0880565      8.3355531    h     empty    0.00000000000000D+00
   11      -1.7213806     -0.4652857      9.5826074    c     empty    0.00000000000000D+00
   12      -1.7478645     -0.7450832     10.6505072    h     empty    0.00000000000000D+00
   13      -2.7557522     -0.4090641      9.2167487    h     empty    0.00000000000000D+00
   14      -1.0207388     -1.5003882      8.7782287    n     empty    0.00000000000000D+00
   15      -0.0518917     -1.6021974      9.0983402    h     empty    0.00000000000000D+00
   16      -1.4652056     -2.4122313      8.9184395    h     empty    0.00000000000000D+00
   17      -3.6267434      4.6157906     10.2871348    h     empty    0.00000000000000D+00
   18      -1.0224129     -1.0928474      6.5522218    au    empty    0.00000000000000D+00
   19      -0.9740032      0.9628399      4.7126621    au    empty    0.00000000000000D+00
   20       0.9221365     -1.2820294      4.6103097    au    empty    0.00000000000000D+00
   21      -1.9477904     -1.7915135      4.1313085    au    empty    0.00000000000000D+00
   22      -0.9836486      2.9086829      2.6839737    au    left     0.50000000000000D-01
   23       0.8972855      0.7232079      2.6434271    au    left     0.50000000000000D-01
   24       2.7782196     -1.4622671      2.6028805    au    left     0.50000000000000D-01
   25      -1.9012255      0.2262276      2.1563906    au    left     0.50000000000000D-01
   26      -0.0202915     -1.9592474      2.1158440    au    left     0.50000000000000D-01
   27      -2.8188025     -2.4562277      1.6288075    au    left     0.50000000000000D-01
   28       0.9175769      2.6824553      0.5275831    au    left     0.10000000000000D+00
   29       2.7985110      0.4969803      0.4870365    au    left     0.10000000000000D+00
   30      -1.8809341      2.1854750      0.0405466    au    left     0.10000000000000D+00
   31       0.0000000      0.0000000      0.0000000    au    left     0.10000000000000D+00
   32       1.8809341     -2.1854750     -0.0405466    au    left     0.10000000000000D+00
   33      -2.7985110     -0.4969803     -0.4870365    au    left     0.10000000000000D+00
   34      -0.9175770     -2.6824553     -0.5275831    au    left     0.10000000000000D+00
   35      -3.7821596      2.4117026      2.1969372    au    left     0.50000000000000D-01
   36      -1.2949424      0.8631830     13.0455435    au    empty    0.00000000000000D+00
   37      -0.2114448     -0.9209068     14.7297344    au    empty    0.00000000000000D+00
   38       0.1602135      1.9649706     15.1211585    au    empty    0.00000000000000D+00
   39      -2.5573763      0.7911319     15.4636419    au    empty    0.00000000000000D+00
   40       0.8006754     -2.7222634     16.6396006    au    right    0.50000000000000D-01
   41       1.1842288      0.1197813     16.9421339    au    right    0.50000000000000D-01
   42       1.5677821      2.9618261     17.2446672    au    right    0.50000000000000D-01
   43      -1.4390028     -1.0262496     17.2901671    au    right    0.50000000000000D-01
   44      -1.0554494      1.8157951     17.5927004    au    right    0.50000000000000D-01
   45      -3.6786810      0.6697642     17.9407336    au    right    0.50000000000000D-01
   46       2.2396782     -1.6960138     18.9181836    au    right    0.10000000000000D+00
   47       2.6232316      1.1460310     19.2207169    au    right    0.10000000000000D+00
   48      -0.3835534     -2.8420447     19.2662168    au    right    0.10000000000000D+00
   49       0.0000000      0.0000000     19.5687501    au    right    0.10000000000000D+00
   50       0.3835534      2.8420447     19.8712834    au    right    0.10000000000000D+00
   51      -2.6232315     -1.1460310     19.9167833    au    right    0.10000000000000D+00
   52      -2.2396782      1.6960138     20.2193166    au    right    0.10000000000000D+00
   53      -1.8225562     -3.8682943     16.9876338    au    right    0.50000000000000D-01
$end
