$self.energy: imaginary piece per atom
    1      -1.8986010      1.9879048     11.5264037    n     empty    0.00000000000000D+00
    2      -2.6354190      3.0784226     11.7301397    c     empty    0.00000000000000D+00
    3      -1.6726783      1.8967774     10.1566032    c     empty    0.00000000000000D+00
    4      -2.2947197      2.9606508      9.5407356    c     empty    0.00000000000000D+00
    5      -2.8945030      3.6903742     10.5478089    n     empty    0.00000000000000D+00
    6      -2.9767344      3.4384944     12.6946533    h     empty    0.00000000000000D+00
    7      -2.3545419      3.2497877      8.4978343    h     empty    0.00000000000000D+00
    8      -0.9056200      0.7880583      9.5104516    c     empty    0.00000000000000D+00
    9       0.0314417      0.6170845     10.0656017    h     empty    0.00000000000000D+00
   10      -0.6334627      1.0968961      8.4886361    h     empty    0.00000000000000D+00
   11      -1.7093716     -0.5165249      9.4283822    c     empty    0.00000000000000D+00
   12      -1.8333438     -0.9460938     10.4364158    h     empty    0.00000000000000D+00
   13      -2.7079128     -0.3169027      9.0165330    h     empty    0.00000000000000D+00
   14      -1.0389511     -1.4860770      8.5176429    n     empty    0.00000000000000D+00
   15      -0.0726242     -1.6444876      8.8224056    h     empty    0.00000000000000D+00
   16      -1.5068660     -2.3950500      8.5792679    h     empty    0.00000000000000D+00
   17      -3.4264219      4.5481351     10.4313218    h     empty    0.00000000000000D+00
   18      -1.0224255     -0.9873738      6.2895059    au    empty    0.00000000000000D+00
   19      -0.9699625      0.9950229      4.4132437    au    empty    0.00000000000000D+00
   20       0.9120069     -1.2645725      4.3194227    au    empty    0.00000000000000D+00
   21      -1.9362425     -1.7686046      3.8507102    au    empty    0.00000000000000D+00
   22      -0.9836486      2.9086829      2.3839737    au    left     0.50000000000000D-01
   23       0.8972855      0.7232079      2.3434271    au    left     0.50000000000000D-01
   24       2.7782196     -1.4622671      2.3028805    au    left     0.50000000000000D-01
   25      -1.9012255      0.2262276      1.8563906    au    left     0.50000000000000D-01
   26      -0.0202915     -1.9592474      1.8158440    au    left     0.50000000000000D-01
   27      -2.8188025     -2.4562277      1.3288075    au    left     0.50000000000000D-01
   28       0.9175769      2.6824553      0.2275831    au    left     0.10000000000000D+00
   29       2.7985110      0.4969803      0.1870365    au    left     0.10000000000000D+00
   30      -1.8809341      2.1854750     -0.2594534    au    left     0.10000000000000D+00
   31       0.0000000      0.0000000     -0.3000000    au    left     0.10000000000000D+00
   32       1.8809341     -2.1854750     -0.3405466    au    left     0.10000000000000D+00
   33      -2.7985110     -0.4969803     -0.7870365    au    left     0.10000000000000D+00
   34      -0.9175770     -2.6824553     -0.8275831    au    left     0.10000000000000D+00
   35      -3.7821596      2.4117026      1.8969372    au    left     0.50000000000000D-01
   36      -1.2642666      0.8207017     13.2993648    au    empty    0.00000000000000D+00
   37      -0.2034643     -0.9333153     15.0319353    au    empty    0.00000000000000D+00
   38       0.1520904      1.9538499     15.4102263    au    empty    0.00000000000000D+00
   39      -2.5362670      0.7903274     15.7425244    au    empty    0.00000000000000D+00
   40       0.8006754     -2.7222634     16.9396006    au    right    0.50000000000000D-01
   41       1.1842288      0.1197813     17.2421339    au    right    0.50000000000000D-01
   42       1.5677821      2.9618261     17.5446672    au    right    0.50000000000000D-01
   43      -1.4390028     -1.0262496     17.5901671    au    right    0.50000000000000D-01
   44      -1.0554494      1.8157951     17.8927004    au    right    0.50000000000000D-01
   45      -3.6786810      0.6697642     18.2407336    au    right    0.50000000000000D-01
   46       2.2396782     -1.6960138     19.2181837    au    right    0.10000000000000D+00
   47       2.6232316      1.1460310     19.5207170    au    right    0.10000000000000D+00
   48      -0.3835534     -2.8420447     19.5662168    au    right    0.10000000000000D+00
   49       0.0000000      0.0000000     19.8687501    au    right    0.10000000000000D+00
   50       0.3835534      2.8420447     20.1712834    au    right    0.10000000000000D+00
   51      -2.6232315     -1.1460310     20.2167833    au    right    0.10000000000000D+00
   52      -2.2396782      1.6960138     20.5193166    au    right    0.10000000000000D+00
   53      -1.8225562     -3.8682943     17.2876338    au    right    0.50000000000000D-01
$end
