$self.energy: imaginary piece per atom
    1      -1.8701900      1.9344584     11.5752357    n     empty    0.00000000000000D+00
    2      -2.5739081      3.0485593     11.7698146    c     empty    0.00000000000000D+00
    3      -1.6387629      1.8320647     10.2062419    c     empty    0.00000000000000D+00
    4      -2.2231198      2.9136641      9.5839025    c     empty    0.00000000000000D+00
    5      -2.8066480      3.6644810     10.5842863    n     empty    0.00000000000000D+00
    6      -2.9089471      3.4234556     12.7308503    h     empty    0.00000000000000D+00
    7      -2.2656809      3.2023756      8.5400062    h     empty    0.00000000000000D+00
    8      -0.9068679      0.6999948      9.5576110    c     empty    0.00000000000000D+00
    9      -0.0265402      0.4359492     10.1658149    h     empty    0.00000000000000D+00
   10      -0.5413672      1.0357641      8.5742606    h     empty    0.00000000000000D+00
   11      -1.7910095     -0.5380369      9.3508780    c     empty    0.00000000000000D+00
   12      -2.0059041     -1.0126035     10.3223245    h     empty    0.00000000000000D+00
   13      -2.7464356     -0.2451324      8.8951866    h     empty    0.00000000000000D+00
   14      -1.1342565     -1.5039927      8.4242010    n     empty    0.00000000000000D+00
   15      -0.1874668     -1.7189073      8.7547621    h     empty    0.00000000000000D+00
   16      -1.6448116     -2.3918424      8.4383469    h     empty    0.00000000000000D+00
   17      -3.3098314      4.5385760     10.4617571    h     empty    0.00000000000000D+00
   18      -1.0304126     -0.9677191      6.1982108    au    empty    0.00000000000000D+00
   19      -0.9671394      1.0009809      4.3138668    au    empty    0.00000000000000D+00
   20       0.9068210     -1.2600635      4.2233249    au    empty    0.00000000000000D+00
   21      -1.9348476     -1.7671343      3.7528619    au    empty    0.00000000000000D+00
   22      -0.9836486      2.9086829      2.2839737    au    left     0.50000000000000D-01
   23       0.8972855      0.7232079      2.2434271    au    left     0.50000000000000D-01
   24       2.7782196     -1.4622671      2.2028805    au    left     0.50000000000000D-01
   25      -1.9012255      0.2262276      1.7563906    au    left     0.50000000000000D-01
   26      -0.0202915     -1.9592474      1.7158440    au    left     0.50000000000000D-01
   27      -2.8188025     -2.4562277      1.2288075    au    left     0.50000000000000D-01
   28       0.9175769      2.6824553      0.1275831    au    left     0.10000000000000D+00
   29       2.7985110      0.4969803      0.0870365    au    left     0.10000000000000D+00
   30      -1.8809341      2.1854750     -0.3594534    au    left     0.10000000000000D+00
   31       0.0000000      0.0000000     -0.4000000    au    left     0.10000000000000D+00
   32       1.8809341     -2.1854750     -0.4405466    au    left     0.10000000000000D+00
   33      -2.7985110     -0.4969803     -0.8870365    au    left     0.10000000000000D+00
   34      -0.9175770     -2.6824553     -0.9275831    au    left     0.10000000000000D+00
   35      -3.7821596      2.4117026      1.7969372    au    left     0.50000000000000D-01
   36      -1.2646610      0.8038209     13.3897793    au    empty    0.00000000000000D+00
   37      -0.2008974     -0.9391297     15.1345298    au    empty    0.00000000000000D+00
   38       0.1476246      1.9485036     15.5065531    au    empty    0.00000000000000D+00
   39      -2.5322465      0.7880650     15.8381375    au    empty    0.00000000000000D+00
   40       0.8006754     -2.7222634     17.0396006    au    right    0.50000000000000D-01
   41       1.1842288      0.1197813     17.3421339    au    right    0.50000000000000D-01
   42       1.5677821      2.9618261     17.6446673    au    right    0.50000000000000D-01
   43      -1.4390028     -1.0262496     17.6901671    au    right    0.50000000000000D-01
   44      -1.0554494      1.8157951     17.9927004    au    right    0.50000000000000D-01
   45      -3.6786810      0.6697642     18.3407336    au    right    0.50000000000000D-01
   46       2.2396782     -1.6960138     19.3181837    au    right    0.10000000000000D+00
   47       2.6232316      1.1460310     19.6207169    au    right    0.10000000000000D+00
   48      -0.3835534     -2.8420447     19.6662168    au    right    0.10000000000000D+00
   49       0.0000000      0.0000000     19.9687501    au    right    0.10000000000000D+00
   50       0.3835534      2.8420447     20.2712834    au    right    0.10000000000000D+00
   51      -2.6232315     -1.1460310     20.3167833    au    right    0.10000000000000D+00
   52      -2.2396782      1.6960138     20.6193166    au    right    0.10000000000000D+00
   53      -1.8225562     -3.8682943     17.3876338    au    right    0.50000000000000D-01
$end
