$self.energy: imaginary piece per atom
    1      -1.9424785      2.0656052     11.4731355    n     empty    0.00000000000000D+00
    2      -2.6906227      3.1470981     11.6836885    c     empty    0.00000000000000D+00
    3      -1.7365500      1.9715440     10.1009196    c     empty    0.00000000000000D+00
    4      -2.3822357      3.0230027      9.4891381    c     empty    0.00000000000000D+00
    5      -2.9755964      3.7499636     10.5023288    n     empty    0.00000000000000D+00
    6      -3.0241182      3.5069842     12.6510064    h     empty    0.00000000000000D+00
    7      -2.4617005      3.3048069      8.4455757    h     empty    0.00000000000000D+00
    8      -0.9586526      0.8723192      9.4543520    c     empty    0.00000000000000D+00
    9       0.0242731      0.7774041      9.9453381    h     empty    0.00000000000000D+00
   10      -0.7765733      1.1407192      8.4014849    h     empty    0.00000000000000D+00
   11      -1.6923877     -0.4738006      9.4959997    c     empty    0.00000000000000D+00
   12      -1.7414734     -0.8467318     10.5327326    h     empty    0.00000000000000D+00
   13      -2.7195962     -0.3532176      9.1259053    h     empty    0.00000000000000D+00
   14      -1.0143274     -1.4597550      8.6095806    n     empty    0.00000000000000D+00
   15      -0.0404825     -1.5870688      8.9044655    h     empty    0.00000000000000D+00
   16      -1.4620366     -2.3756703      8.7070368    h     empty    0.00000000000000D+00
   17      -3.5216551      4.5992599     10.3891845    h     empty    0.00000000000000D+00
   18      -1.0298066     -1.0039388      6.3797605    au    empty    0.00000000000000D+00
   19      -0.9739392      0.9919100      4.5112865    au    empty    0.00000000000000D+00
   20       0.9114465     -1.2663676      4.4172951    au    empty    0.00000000000000D+00
   21      -1.9400286     -1.7712255      3.9470345    au    empty    0.00000000000000D+00
   22      -0.9836486      2.9086829      2.4839737    au    left     0.50000000000000D-01
   23       0.8972855      0.7232079      2.4434271    au    left     0.50000000000000D-01
   24       2.7782196     -1.4622671      2.4028805    au    left     0.50000000000000D-01
   25      -1.9012255      0.2262276      1.9563906    au    left     0.50000000000000D-01
   26      -0.0202915     -1.9592474      1.9158440    au    left     0.50000000000000D-01
   27      -2.8188025     -2.4562277      1.4288075    au    left     0.50000000000000D-01
   28       0.9175769      2.6824553      0.3275831    au    left     0.10000000000000D+00
   29       2.7985110      0.4969803      0.2870365    au    left     0.10000000000000D+00
   30      -1.8809341      2.1854750     -0.1594534    au    left     0.10000000000000D+00
   31       0.0000000      0.0000000     -0.2000000    au    left     0.10000000000000D+00
   32       1.8809341     -2.1854750     -0.2405466    au    left     0.10000000000000D+00
   33      -2.7985110     -0.4969803     -0.6870365    au    left     0.10000000000000D+00
   34      -0.9175770     -2.6824553     -0.7275831    au    left     0.10000000000000D+00
   35      -3.7821596      2.4117026      1.9969372    au    left     0.50000000000000D-01
   36      -1.2795200      0.8579198     13.2083041    au    empty    0.00000000000000D+00
   37      -0.2091533     -0.9161542     14.9273415    au    empty    0.00000000000000D+00
   38       0.1542432      1.9625420     15.3142336    au    empty    0.00000000000000D+00
   39      -2.5419833      0.7950377     15.6489099    au    empty    0.00000000000000D+00
   40       0.8006754     -2.7222634     16.8396006    au    right    0.50000000000000D-01
   41       1.1842288      0.1197813     17.1421339    au    right    0.50000000000000D-01
   42       1.5677821      2.9618261     17.4446673    au    right    0.50000000000000D-01
   43      -1.4390028     -1.0262496     17.4901671    au    right    0.50000000000000D-01
   44      -1.0554494      1.8157951     17.7927004    au    right    0.50000000000000D-01
   45      -3.6786810      0.6697642     18.1407336    au    right    0.50000000000000D-01
   46       2.2396782     -1.6960138     19.1181836    au    right    0.10000000000000D+00
   47       2.6232316      1.1460310     19.4207169    au    right    0.10000000000000D+00
   48      -0.3835534     -2.8420447     19.4662168    au    right    0.10000000000000D+00
   49       0.0000000      0.0000000     19.7687501    au    right    0.10000000000000D+00
   50       0.3835534      2.8420447     20.0712834    au    right    0.10000000000000D+00
   51      -2.6232315     -1.1460310     20.1167833    au    right    0.10000000000000D+00
   52      -2.2396782      1.6960138     20.4193166    au    right    0.10000000000000D+00
   53      -1.8225562     -3.8682943     17.1876338    au    right    0.50000000000000D-01
$end
