$self.energy: imaginary piece per atom
    1      -1.8807718      1.9621166     11.5429205    n     empty    0.00000000000000D+00
    2      -2.6057479      3.0625151     11.7371360    c     empty    0.00000000000000D+00
    3      -1.6481284      1.8632268     10.1740400    c     empty    0.00000000000000D+00
    4      -2.2534954      2.9324387      9.5508548    c     empty    0.00000000000000D+00
    5      -2.8506858      3.6729535     10.5511522    n     empty    0.00000000000000D+00
    6      -2.9482297      3.4312869     12.6979231    h     empty    0.00000000000000D+00
    7      -2.3031186      3.2183843      8.5065070    h     empty    0.00000000000000D+00
    8      -0.8959399      0.7431466      9.5291346    c     empty    0.00000000000000D+00
    9       0.0149371      0.5280672     10.1112078    h     empty    0.00000000000000D+00
   10      -0.5788739      1.0653754      8.5246794    h     empty    0.00000000000000D+00
   11      -1.7400798     -0.5309914      9.3882300    c     empty    0.00000000000000D+00
   12      -1.9058544     -0.9835425     10.3797474    h     empty    0.00000000000000D+00
   13      -2.7195923     -0.2862554      8.9560540    h     empty    0.00000000000000D+00
   14      -1.0781207     -1.4990042      8.4684997    n     empty    0.00000000000000D+00
   15      -0.1206357     -1.6857480      8.7850175    h     empty    0.00000000000000D+00
   16      -1.5675588     -2.3979117      8.5072481    h     empty    0.00000000000000D+00
   17      -3.3712449      4.5367251     10.4280157    h     empty    0.00000000000000D+00
   18      -1.0230128     -0.9778618      6.2431113    au    empty    0.00000000000000D+00
   19      -0.9687421      0.9982765      4.3641387    au    empty    0.00000000000000D+00
   20       0.9106015     -1.2625661      4.2708497    au    empty    0.00000000000000D+00
   21      -1.9357453     -1.7672539      3.8012862    au    empty    0.00000000000000D+00
   22      -0.9836486      2.9086829      2.3339737    au    left     0.50000000000000D-01
   23       0.8972855      0.7232079      2.2934271    au    left     0.50000000000000D-01
   24       2.7782196     -1.4622671      2.2528805    au    left     0.50000000000000D-01
   25      -1.9012255      0.2262276      1.8063906    au    left     0.50000000000000D-01
   26      -0.0202915     -1.9592474      1.7658440    au    left     0.50000000000000D-01
   27      -2.8188025     -2.4562277      1.2788075    au    left     0.50000000000000D-01
   28       0.9175769      2.6824553      0.1775831    au    left     0.10000000000000D+00
   29       2.7985110      0.4969803      0.1370365    au    left     0.10000000000000D+00
   30      -1.8809341      2.1854750     -0.3094534    au    left     0.10000000000000D+00
   31       0.0000000      0.0000000     -0.3500000    au    left     0.10000000000000D+00
   32       1.8809341     -2.1854750     -0.3905466    au    left     0.10000000000000D+00
   33      -2.7985110     -0.4969803     -0.8370365    au    left     0.10000000000000D+00
   34      -0.9175770     -2.6824553     -0.8775831    au    left     0.10000000000000D+00
   35      -3.7821596      2.4117026      1.8469372    au    left     0.50000000000000D-01
   36      -1.2647230      0.8181275     13.3432904    au    empty    0.00000000000000D+00
   37      -0.2031960     -0.9331456     15.0825269    au    empty    0.00000000000000D+00
   38       0.1500512      1.9532011     15.4583345    au    empty    0.00000000000000D+00
   39      -2.5337497      0.7908218     15.7895923    au    empty    0.00000000000000D+00
   40       0.8006754     -2.7222634     16.9896006    au    right    0.50000000000000D-01
   41       1.1842288      0.1197813     17.2921339    au    right    0.50000000000000D-01
   42       1.5677821      2.9618261     17.5946673    au    right    0.50000000000000D-01
   43      -1.4390028     -1.0262496     17.6401671    au    right    0.50000000000000D-01
   44      -1.0554494      1.8157951     17.9427004    au    right    0.50000000000000D-01
   45      -3.6786810      0.6697642     18.2907336    au    right    0.50000000000000D-01
   46       2.2396782     -1.6960138     19.2681837    au    right    0.10000000000000D+00
   47       2.6232316      1.1460310     19.5707170    au    right    0.10000000000000D+00
   48      -0.3835534     -2.8420447     19.6162168    au    right    0.10000000000000D+00
   49       0.0000000      0.0000000     19.9187501    au    right    0.10000000000000D+00
   50       0.3835534      2.8420447     20.2212834    au    right    0.10000000000000D+00
   51      -2.6232315     -1.1460310     20.2667833    au    right    0.10000000000000D+00
   52      -2.2396782      1.6960138     20.5693166    au    right    0.10000000000000D+00
   53      -1.8225562     -3.8682943     17.3376338    au    right    0.50000000000000D-01
$end
