$self.energy: imaginary piece per atom
    1      -1.9723849      2.4759276     11.2317623    n     empty    0.00000000000000D+00
    2      -2.5468605      3.6457210     11.4951348    c     empty    0.00000000000000D+00
    3      -1.9042517      2.3442577      9.8545457    c     empty    0.00000000000000D+00
    4      -2.4567945      3.4650473      9.2782720    c     empty    0.00000000000000D+00
    5      -2.8533926      4.2719831     10.3297229    n     empty    0.00000000000000D+00
    6      -2.7453688      4.0495184     12.4819275    h     empty    0.00000000000000D+00
    7      -2.5897142      3.7507666      8.2413984    h     empty    0.00000000000000D+00
    8      -1.3023102      1.1256164      9.2459004    c     empty    0.00000000000000D+00
    9      -0.2722425      1.0155284      9.6283567    h     empty    0.00000000000000D+00
   10      -1.2307790      1.2356035      8.1522971    h     empty    0.00000000000000D+00
   11      -2.1013181     -0.1384066      9.5877619    c     empty    0.00000000000000D+00
   12      -2.2659861     -0.1983781     10.6808962    h     empty    0.00000000000000D+00
   13      -3.0811435     -0.1166017      9.0911352    h     empty    0.00000000000000D+00
   14      -1.3736434     -1.3404848      9.1122319    n     empty    0.00000000000000D+00
   15      -0.4914179     -1.4418426      9.6256786    h     empty    0.00000000000000D+00
   16      -1.9189735     -2.1853044      9.3051847    h     empty    0.00000000000000D+00
   17      -3.2937962      5.1839481     10.2486135    h     empty    0.00000000000000D+00
   18      -1.0149207     -1.2107744      6.9096480    au    empty    0.00000000000000D+00
   19      -0.9710898      0.9328308      5.1089058    au    empty    0.00000000000000D+00
   20       0.9277211     -1.3009115      5.0061273    au    empty    0.00000000000000D+00
   21      -1.9490145     -1.8331211      4.5053880    au    empty    0.00000000000000D+00
   22      -0.9836486      2.9086829      3.0839737    au    left     0.50000000000000D-01
   23       0.8972855      0.7232079      3.0434271    au    left     0.50000000000000D-01
   24       2.7782196     -1.4622671      3.0028805    au    left     0.50000000000000D-01
   25      -1.9012255      0.2262276      2.5563906    au    left     0.50000000000000D-01
   26      -0.0202915     -1.9592474      2.5158440    au    left     0.50000000000000D-01
   27      -2.8188025     -2.4562277      2.0288075    au    left     0.50000000000000D-01
   28       0.9175769      2.6824553      0.9275831    au    left     0.10000000000000D+00
   29       2.7985110      0.4969803      0.8870365    au    left     0.10000000000000D+00
   30      -1.8809341      2.1854750      0.4405466    au    left     0.10000000000000D+00
   31       0.0000000      0.0000000      0.4000000    au    left     0.10000000000000D+00
   32       1.8809341     -2.1854750      0.3594534    au    left     0.10000000000000D+00
   33      -2.7985110     -0.4969803     -0.0870365    au    left     0.10000000000000D+00
   34      -0.9175770     -2.6824553     -0.1275831    au    left     0.10000000000000D+00
   35      -3.7821596      2.4117026      2.5969372    au    left     0.50000000000000D-01
   36      -1.3269963      0.9760386     12.7057602    au    empty    0.00000000000000D+00
   37      -0.2379848     -0.8851103     14.3181391    au    empty    0.00000000000000D+00
   38       0.1817347      1.9950405     14.7372832    au    empty    0.00000000000000D+00
   39      -2.5879652      0.7913857     15.0839087    au    empty    0.00000000000000D+00
   40       0.8006754     -2.7222634     16.2396006    au    right    0.50000000000000D-01
   41       1.1842288      0.1197813     16.5421339    au    right    0.50000000000000D-01
   42       1.5677821      2.9618261     16.8446673    au    right    0.50000000000000D-01
   43      -1.4390028     -1.0262496     16.8901671    au    right    0.50000000000000D-01
   44      -1.0554494      1.8157951     17.1927004    au    right    0.50000000000000D-01
   45      -3.6786810      0.6697642     17.5407336    au    right    0.50000000000000D-01
   46       2.2396782     -1.6960138     18.5181837    au    right    0.10000000000000D+00
   47       2.6232316      1.1460310     18.8207170    au    right    0.10000000000000D+00
   48      -0.3835534     -2.8420447     18.8662168    au    right    0.10000000000000D+00
   49       0.0000000      0.0000000     19.1687501    au    right    0.10000000000000D+00
   50       0.3835534      2.8420447     19.4712834    au    right    0.10000000000000D+00
   51      -2.6232315     -1.1460310     19.5167833    au    right    0.10000000000000D+00
   52      -2.2396782      1.6960138     19.8193166    au    right    0.10000000000000D+00
   53      -1.8225562     -3.8682943     16.5876338    au    right    0.50000000000000D-01
$end
