$self.energy: imaginary piece per atom
    1      -1.9508694      2.0735226     11.4574160    n     empty    0.00000000000000D+00
    2      -2.7007187      3.1528980     11.6710887    c     empty    0.00000000000000D+00
    3      -1.7466339      1.9803950     10.0856322    c     empty    0.00000000000000D+00
    4      -2.3955057      3.0305303      9.4751654    c     empty    0.00000000000000D+00
    5      -2.9885965      3.7556642     10.4903674    n     empty    0.00000000000000D+00
    6      -3.0330746      3.5102301     12.6396983    h     empty    0.00000000000000D+00
    7      -2.4783609      3.3131793      8.4321276    h     empty    0.00000000000000D+00
    8      -0.9674938      0.8777249      9.4481018    c     empty    0.00000000000000D+00
    9       0.0182417      0.7943718      9.9357892    h     empty    0.00000000000000D+00
   10      -0.7921632      1.1295524      8.3900682    h     empty    0.00000000000000D+00
   11      -1.6954785     -0.4701079      9.5180296    c     empty    0.00000000000000D+00
   12      -1.7450311     -0.8197751     10.5632503    h     empty    0.00000000000000D+00
   13      -2.7225861     -0.3620915      9.1436488    h     empty    0.00000000000000D+00
   14      -1.0108854     -1.4703871      8.6546639    n     empty    0.00000000000000D+00
   15      -0.0385072     -1.5904788      8.9574861    h     empty    0.00000000000000D+00
   16      -1.4572461     -2.3855916      8.7644107    h     empty    0.00000000000000D+00
   17      -3.5368313      4.6037372     10.3789035    h     empty    0.00000000000000D+00
   18      -1.0238421     -1.0265951      6.4247735    au    empty    0.00000000000000D+00
   19      -0.9718445      0.9848872      4.5624320    au    empty    0.00000000000000D+00
   20       0.9158191     -1.2702637      4.4659061    au    empty    0.00000000000000D+00
   21      -1.9403994     -1.7761065      3.9935994    au    empty    0.00000000000000D+00
   22      -0.9836486      2.9086829      2.5339737    au    left     0.50000000000000D-01
   23       0.8972855      0.7232079      2.4934271    au    left     0.50000000000000D-01
   24       2.7782196     -1.4622671      2.4528805    au    left     0.50000000000000D-01
   25      -1.9012255      0.2262276      2.0063906    au    left     0.50000000000000D-01
   26      -0.0202915     -1.9592474      1.9658440    au    left     0.50000000000000D-01
   27      -2.8188025     -2.4562277      1.4788075    au    left     0.50000000000000D-01
   28       0.9175769      2.6824553      0.3775831    au    left     0.10000000000000D+00
   29       2.7985110      0.4969803      0.3370365    au    left     0.10000000000000D+00
   30      -1.8809341      2.1854750     -0.1094534    au    left     0.10000000000000D+00
   31       0.0000000      0.0000000     -0.1500000    au    left     0.10000000000000D+00
   32       1.8809341     -2.1854750     -0.1905466    au    left     0.10000000000000D+00
   33      -2.7985110     -0.4969803     -0.6370365    au    left     0.10000000000000D+00
   34      -0.9175770     -2.6824553     -0.6775831    au    left     0.10000000000000D+00
   35      -3.7821596      2.4117026      2.0469372    au    left     0.50000000000000D-01
   36      -1.2769038      0.8470674     13.1663275    au    empty    0.00000000000000D+00
   37      -0.2066636     -0.9228422     14.8774625    au    empty    0.00000000000000D+00
   38       0.1578948      1.9592721     15.2648650    au    empty    0.00000000000000D+00
   39      -2.5442413      0.7900736     15.6010123    au    empty    0.00000000000000D+00
   40       0.8006754     -2.7222634     16.7896006    au    right    0.50000000000000D-01
   41       1.1842288      0.1197813     17.0921339    au    right    0.50000000000000D-01
   42       1.5677821      2.9618261     17.3946673    au    right    0.50000000000000D-01
   43      -1.4390028     -1.0262496     17.4401671    au    right    0.50000000000000D-01
   44      -1.0554494      1.8157951     17.7427004    au    right    0.50000000000000D-01
   45      -3.6786810      0.6697642     18.0907336    au    right    0.50000000000000D-01
   46       2.2396782     -1.6960138     19.0681837    au    right    0.10000000000000D+00
   47       2.6232316      1.1460310     19.3707169    au    right    0.10000000000000D+00
   48      -0.3835534     -2.8420447     19.4162168    au    right    0.10000000000000D+00
   49       0.0000000      0.0000000     19.7187501    au    right    0.10000000000000D+00
   50       0.3835534      2.8420447     20.0212834    au    right    0.10000000000000D+00
   51      -2.6232315     -1.1460310     20.0667833    au    right    0.10000000000000D+00
   52      -2.2396782      1.6960138     20.3693166    au    right    0.10000000000000D+00
   53      -1.8225562     -3.8682943     17.1376338    au    right    0.50000000000000D-01
$end
