$self.energy: imaginary piece per atom
    1      -2.0000020      2.1216696     11.3952620    n     empty    0.00000000000000D+00
    2      -2.7570959      3.1977811     11.5984427    c     empty    0.00000000000000D+00
    3      -1.8112780      2.0044868     10.0238792    c     empty    0.00000000000000D+00
    4      -2.4766876      3.0363362      9.4006008    c     empty    0.00000000000000D+00
    5      -3.0639062      3.7755375     10.4095795    n     empty    0.00000000000000D+00
    6      -3.0827465      3.5701238     12.5635705    h     empty    0.00000000000000D+00
    7      -2.5746082      3.2982771      8.3533912    h     empty    0.00000000000000D+00
    8      -1.0266604      0.8940904      9.4096613    c     empty    0.00000000000000D+00
    9      -0.0234250      0.8564599      9.8668410    h     empty    0.00000000000000D+00
   10      -0.8919409      1.0983806      8.3353300    h     empty    0.00000000000000D+00
   11      -1.7182562     -0.4648241      9.5688668    c     empty    0.00000000000000D+00
   12      -1.7405050     -0.7560789     10.6336993    h     empty    0.00000000000000D+00
   13      -2.7544099     -0.4040863      9.2087807    h     empty    0.00000000000000D+00
   14      -1.0213033     -1.4911805      8.7493873    n     empty    0.00000000000000D+00
   15      -0.0513562     -1.5953321      9.0656953    h     empty    0.00000000000000D+00
   16      -1.4641830     -2.4045097      8.8856150    h     empty    0.00000000000000D+00
   17      -3.6214318      4.6161592     10.2880320    h     empty    0.00000000000000D+00
   18      -1.0222296     -1.0802158      6.5157292    au    empty    0.00000000000000D+00
   19      -0.9721384      0.9647501      4.6647238    au    empty    0.00000000000000D+00
   20       0.9199239     -1.2808707      4.5634010    au    empty    0.00000000000000D+00
   21      -1.9437143     -1.7887229      4.0873509    au    empty    0.00000000000000D+00
   22      -0.9836486      2.9086829      2.6339737    au    left     0.50000000000000D-01
   23       0.8972855      0.7232079      2.5934271    au    left     0.50000000000000D-01
   24       2.7782196     -1.4622671      2.5528805    au    left     0.50000000000000D-01
   25      -1.9012255      0.2262276      2.1063906    au    left     0.50000000000000D-01
   26      -0.0202915     -1.9592474      2.0658440    au    left     0.50000000000000D-01
   27      -2.8188025     -2.4562277      1.5788075    au    left     0.50000000000000D-01
   28       0.9175769      2.6824553      0.4775831    au    left     0.10000000000000D+00
   29       2.7985110      0.4969803      0.4370365    au    left     0.10000000000000D+00
   30      -1.8809341      2.1854750     -0.0094534    au    left     0.10000000000000D+00
   31       0.0000000      0.0000000     -0.0500000    au    left     0.10000000000000D+00
   32       1.8809341     -2.1854750     -0.0905466    au    left     0.10000000000000D+00
   33      -2.7985110     -0.4969803     -0.5370365    au    left     0.10000000000000D+00
   34      -0.9175770     -2.6824553     -0.5775831    au    left     0.10000000000000D+00
   35      -3.7821596      2.4117026      2.1469372    au    left     0.50000000000000D-01
   36      -1.3018650      0.8805238     13.0803575    au    empty    0.00000000000000D+00
   37      -0.2174838     -0.9084908     14.7755719    au    empty    0.00000000000000D+00
   38       0.1564119      1.9675099     15.1682219    au    empty    0.00000000000000D+00
   39      -2.5552893      0.7954779     15.5087026    au    empty    0.00000000000000D+00
   40       0.8006754     -2.7222634     16.6896006    au    right    0.50000000000000D-01
   41       1.1842288      0.1197813     16.9921339    au    right    0.50000000000000D-01
   42       1.5677821      2.9618261     17.2946672    au    right    0.50000000000000D-01
   43      -1.4390028     -1.0262496     17.3401671    au    right    0.50000000000000D-01
   44      -1.0554494      1.8157951     17.6427004    au    right    0.50000000000000D-01
   45      -3.6786810      0.6697642     17.9907336    au    right    0.50000000000000D-01
   46       2.2396782     -1.6960138     18.9681837    au    right    0.10000000000000D+00
   47       2.6232316      1.1460310     19.2707170    au    right    0.10000000000000D+00
   48      -0.3835534     -2.8420447     19.3162168    au    right    0.10000000000000D+00
   49       0.0000000      0.0000000     19.6187501    au    right    0.10000000000000D+00
   50       0.3835534      2.8420447     19.9212834    au    right    0.10000000000000D+00
   51      -2.6232315     -1.1460310     19.9667833    au    right    0.10000000000000D+00
   52      -2.2396782      1.6960138     20.2693166    au    right    0.10000000000000D+00
   53      -1.8225562     -3.8682943     17.0376338    au    right    0.50000000000000D-01
$end
