$self.energy: imaginary piece per atom
    1      -2.0057566      2.1666484     11.3530074    n     empty    0.00000000000000D+00
    2      -2.7575276      3.2474556     11.5487064    c     empty    0.00000000000000D+00
    3      -1.8155018      2.0377589      9.9840090    c     empty    0.00000000000000D+00
    4      -2.4745962      3.0677624      9.3516595    c     empty    0.00000000000000D+00
    5      -3.0592873      3.8175588     10.3547964    n     empty    0.00000000000000D+00
    6      -3.0832972      3.6274570     12.5108416    h     empty    0.00000000000000D+00
    7      -2.5696440      3.3218610      8.3023355    h     empty    0.00000000000000D+00
    8      -1.0343686      0.9146086      9.3904349    c     empty    0.00000000000000D+00
    9      -0.0240848      0.8950644      9.8334486    h     empty    0.00000000000000D+00
   10      -0.9164080      1.0867228      8.3084632    h     empty    0.00000000000000D+00
   11      -1.7170042     -0.4413412      9.6047366    c     empty    0.00000000000000D+00
   12      -1.7343818     -0.6921652     10.6803089    h     empty    0.00000000000000D+00
   13      -2.7541628     -0.4015414      9.2444672    h     empty    0.00000000000000D+00
   14      -1.0145097     -1.4933362      8.8246414    n     empty    0.00000000000000D+00
   15      -0.0455663     -1.5857962      9.1473390    h     empty    0.00000000000000D+00
   16      -1.4572574     -2.4027164      8.9847400    h     empty    0.00000000000000D+00
   17      -3.6132006      4.6594639     10.2261228    h     empty    0.00000000000000D+00
   18      -1.0206429     -1.1163861      6.5965724    au    empty    0.00000000000000D+00
   19      -0.9742385      0.9546658      4.7627734    au    empty    0.00000000000000D+00
   20       0.9244365     -1.2867938      4.6589715    au    empty    0.00000000000000D+00
   21      -1.9489216     -1.7966277      4.1787297    au    empty    0.00000000000000D+00
   22      -0.9836486      2.9086829      2.7339737    au    left     0.50000000000000D-01
   23       0.8972855      0.7232079      2.6934271    au    left     0.50000000000000D-01
   24       2.7782196     -1.4622671      2.6528805    au    left     0.50000000000000D-01
   25      -1.9012255      0.2262276      2.2063906    au    left     0.50000000000000D-01
   26      -0.0202915     -1.9592474      2.1658440    au    left     0.50000000000000D-01
   27      -2.8188025     -2.4562277      1.6788075    au    left     0.50000000000000D-01
   28       0.9175769      2.6824553      0.5775831    au    left     0.10000000000000D+00
   29       2.7985110      0.4969803      0.5370365    au    left     0.10000000000000D+00
   30      -1.8809341      2.1854750      0.0905466    au    left     0.10000000000000D+00
   31       0.0000000      0.0000000      0.0500000    au    left     0.10000000000000D+00
   32       1.8809341     -2.1854750      0.0094534    au    left     0.10000000000000D+00
   33      -2.7985110     -0.4969803     -0.4370365    au    left     0.10000000000000D+00
   34      -0.9175770     -2.6824553     -0.4775831    au    left     0.10000000000000D+00
   35      -3.7821596      2.4117026      2.2469372    au    left     0.50000000000000D-01
   36      -1.3050838      0.8965640     13.0058343    au    empty    0.00000000000000D+00
   37      -0.2187406     -0.9066139     14.6781798    au    empty    0.00000000000000D+00
   38       0.1633009      1.9742423     15.0737483    au    empty    0.00000000000000D+00
   39      -2.5639723      0.7958676     15.4169021    au    empty    0.00000000000000D+00
   40       0.8006754     -2.7222634     16.5896006    au    right    0.50000000000000D-01
   41       1.1842288      0.1197813     16.8921339    au    right    0.50000000000000D-01
   42       1.5677821      2.9618261     17.1946672    au    right    0.50000000000000D-01
   43      -1.4390028     -1.0262496     17.2401671    au    right    0.50000000000000D-01
   44      -1.0554494      1.8157951     17.5427004    au    right    0.50000000000000D-01
   45      -3.6786810      0.6697642     17.8907336    au    right    0.50000000000000D-01
   46       2.2396782     -1.6960138     18.8681837    au    right    0.10000000000000D+00
   47       2.6232316      1.1460310     19.1707169    au    right    0.10000000000000D+00
   48      -0.3835534     -2.8420447     19.2162168    au    right    0.10000000000000D+00
   49       0.0000000      0.0000000     19.5187501    au    right    0.10000000000000D+00
   50       0.3835534      2.8420447     19.8212834    au    right    0.10000000000000D+00
   51      -2.6232315     -1.1460310     19.8667833    au    right    0.10000000000000D+00
   52      -2.2396782      1.6960138     20.1693166    au    right    0.10000000000000D+00
   53      -1.8225562     -3.8682943     16.9376338    au    right    0.50000000000000D-01
$end
