$self.energy: imaginary piece per atom
    1      -2.0199263      2.3028680     11.2277446    n     empty    0.00000000000000D+00
    2      -2.7438301      3.4037501     11.4100296    c     empty    0.00000000000000D+00
    3      -1.8386951      2.1443662      9.8631296    c     empty    0.00000000000000D+00
    4      -2.4749334      3.1769463      9.2128138    c     empty    0.00000000000000D+00
    5      -3.0361523      3.9589728     10.2058832    n     empty    0.00000000000000D+00
    6      -3.0575361      3.8076677     12.3663325    h     empty    0.00000000000000D+00
    7      -2.5687627      3.4137246      8.1593296    h     empty    0.00000000000000D+00
    8      -1.0766295      0.9861617      9.3182486    c     empty    0.00000000000000D+00
    9      -0.0488689      1.0039505      9.7207813    h     empty    0.00000000000000D+00
   10      -1.0009022      1.0746595      8.2223958    h     empty    0.00000000000000D+00
   11      -1.7403558     -0.3500379      9.6726652    c     empty    0.00000000000000D+00
   12      -1.7618687     -0.4842425     10.7719987    h     empty    0.00000000000000D+00
   13      -2.7754006     -0.3683520      9.3044591    h     empty    0.00000000000000D+00
   14      -1.0117538     -1.4672296      9.0240380    n     empty    0.00000000000000D+00
   15      -0.0497829     -1.5183731      9.3753444    h     empty    0.00000000000000D+00
   16      -1.4527424     -2.3617740      9.2553783    h     empty    0.00000000000000D+00
   17      -3.5713855      4.8106725     10.0634169    h     empty    0.00000000000000D+00
   18      -1.0085827     -1.2158294      6.8026010    au    empty    0.00000000000000D+00
   19      -0.9765709      0.9265077      5.0085051    au    empty    0.00000000000000D+00
   20       0.9397565     -1.3013656      4.8990319    au    empty    0.00000000000000D+00
   21      -1.9585161     -1.8193913      4.4084504    au    empty    0.00000000000000D+00
   22      -0.9836486      2.9086829      2.9839737    au    left     0.50000000000000D-01
   23       0.8972855      0.7232079      2.9434271    au    left     0.50000000000000D-01
   24       2.7782196     -1.4622671      2.9028805    au    left     0.50000000000000D-01
   25      -1.9012255      0.2262276      2.4563906    au    left     0.50000000000000D-01
   26      -0.0202915     -1.9592474      2.4158440    au    left     0.50000000000000D-01
   27      -2.8188025     -2.4562277      1.9288075    au    left     0.50000000000000D-01
   28       0.9175769      2.6824553      0.8275831    au    left     0.10000000000000D+00
   29       2.7985110      0.4969803      0.7870365    au    left     0.10000000000000D+00
   30      -1.8809341      2.1854750      0.3405466    au    left     0.10000000000000D+00
   31       0.0000000      0.0000000      0.3000000    au    left     0.10000000000000D+00
   32       1.8809341     -2.1854750      0.2594534    au    left     0.10000000000000D+00
   33      -2.7985110     -0.4969803     -0.1870365    au    left     0.10000000000000D+00
   34      -0.9175770     -2.6824553     -0.2275831    au    left     0.10000000000000D+00
   35      -3.7821596      2.4117026      2.4969372    au    left     0.50000000000000D-01
   36      -1.3263399      0.9326218     12.7954303    au    empty    0.00000000000000D+00
   37      -0.2278863     -0.8991322     14.4261057    au    empty    0.00000000000000D+00
   38       0.1735369      1.9843451     14.8324646    au    empty    0.00000000000000D+00
   39      -2.5824743      0.7927988     15.1826664    au    empty    0.00000000000000D+00
   40       0.8006754     -2.7222634     16.3396006    au    right    0.50000000000000D-01
   41       1.1842288      0.1197813     16.6421339    au    right    0.50000000000000D-01
   42       1.5677821      2.9618261     16.9446672    au    right    0.50000000000000D-01
   43      -1.4390028     -1.0262496     16.9901671    au    right    0.50000000000000D-01
   44      -1.0554494      1.8157951     17.2927004    au    right    0.50000000000000D-01
   45      -3.6786810      0.6697642     17.6407336    au    right    0.50000000000000D-01
   46       2.2396782     -1.6960138     18.6181836    au    right    0.10000000000000D+00
   47       2.6232316      1.1460310     18.9207169    au    right    0.10000000000000D+00
   48      -0.3835534     -2.8420447     18.9662168    au    right    0.10000000000000D+00
   49       0.0000000      0.0000000     19.2687501    au    right    0.10000000000000D+00
   50       0.3835534      2.8420447     19.5712834    au    right    0.10000000000000D+00
   51      -2.6232315     -1.1460310     19.6167833    au    right    0.10000000000000D+00
   52      -2.2396782      1.6960138     19.9193166    au    right    0.10000000000000D+00
   53      -1.8225562     -3.8682943     16.6876338    au    right    0.50000000000000D-01
$end
