$self.energy: imaginary piece per atom
    1      -1.9918783      2.5261601     11.1803557    n     empty    0.00000000000000D+00
    2      -2.5362669      3.7114763     11.4396278    c     empty    0.00000000000000D+00
    3      -1.9541959      2.3774711      9.8033917    c     empty    0.00000000000000D+00
    4      -2.4928904      3.5030506      9.2239320    c     empty    0.00000000000000D+00
    5      -2.8514546      4.3307677     10.2727751    n     empty    0.00000000000000D+00
    6      -2.7072975      4.1322544     12.4244540    h     empty    0.00000000000000D+00
    7      -2.6371018      3.7795975      8.1859940    h     empty    0.00000000000000D+00
    8      -1.3803475      1.1454951      9.1967939    c     empty    0.00000000000000D+00
    9      -0.3426877      1.0313840      9.5568468    h     empty    0.00000000000000D+00
   10      -1.3295835      1.2433542      8.1006682    h     empty    0.00000000000000D+00
   11      -2.1780139     -0.1112498      9.5687110    c     empty    0.00000000000000D+00
   12      -2.3664254     -0.1345781     10.6589965    h     empty    0.00000000000000D+00
   13      -3.1461394     -0.1191952      9.0492119    h     empty    0.00000000000000D+00
   14      -1.4241268     -1.3205039      9.1534418    n     empty    0.00000000000000D+00
   15      -0.5543945     -1.3892270      9.6933772    h     empty    0.00000000000000D+00
   16      -1.9617147     -2.1661647      9.3636280    h     empty    0.00000000000000D+00
   17      -3.2728061      5.2514675     10.1886366    h     empty    0.00000000000000D+00
   18      -1.0109669     -1.2380864      6.9579708    au    empty    0.00000000000000D+00
   19      -0.9706622      0.9232716      5.1601585    au    empty    0.00000000000000D+00
   20       0.9285282     -1.3070565      5.0557065    au    empty    0.00000000000000D+00
   21      -1.9483579     -1.8407553      4.5534139    au    empty    0.00000000000000D+00
   22      -0.9836486      2.9086829      3.1339737    au    left     0.50000000000000D-01
   23       0.8972855      0.7232079      3.0934271    au    left     0.50000000000000D-01
   24       2.7782196     -1.4622671      3.0528805    au    left     0.50000000000000D-01
   25      -1.9012255      0.2262276      2.6063906    au    left     0.50000000000000D-01
   26      -0.0202915     -1.9592474      2.5658440    au    left     0.50000000000000D-01
   27      -2.8188025     -2.4562277      2.0788075    au    left     0.50000000000000D-01
   28       0.9175769      2.6824553      0.9775831    au    left     0.10000000000000D+00
   29       2.7985110      0.4969803      0.9370365    au    left     0.10000000000000D+00
   30      -1.8809341      2.1854750      0.4905466    au    left     0.10000000000000D+00
   31       0.0000000      0.0000000      0.4500000    au    left     0.10000000000000D+00
   32       1.8809341     -2.1854750      0.4094534    au    left     0.10000000000000D+00
   33      -2.7985110     -0.4969803     -0.0370365    au    left     0.10000000000000D+00
   34      -0.9175770     -2.6824553     -0.0775831    au    left     0.10000000000000D+00
   35      -3.7821596      2.4117026      2.6469372    au    left     0.50000000000000D-01
   36      -1.3459880      1.0227093     12.6570243    au    empty    0.00000000000000D+00
   37      -0.2487823     -0.8617023     14.2631482    au    empty    0.00000000000000D+00
   38       0.1811663      2.0053015     14.6890235    au    empty    0.00000000000000D+00
   39      -2.5926023      0.7964809     15.0361614    au    empty    0.00000000000000D+00
   40       0.8006754     -2.7222634     16.1896006    au    right    0.50000000000000D-01
   41       1.1842288      0.1197813     16.4921339    au    right    0.50000000000000D-01
   42       1.5677821      2.9618261     16.7946672    au    right    0.50000000000000D-01
   43      -1.4390028     -1.0262496     16.8401671    au    right    0.50000000000000D-01
   44      -1.0554494      1.8157951     17.1427004    au    right    0.50000000000000D-01
   45      -3.6786810      0.6697642     17.4907336    au    right    0.50000000000000D-01
   46       2.2396782     -1.6960138     18.4681837    au    right    0.10000000000000D+00
   47       2.6232316      1.1460310     18.7707170    au    right    0.10000000000000D+00
   48      -0.3835534     -2.8420447     18.8162168    au    right    0.10000000000000D+00
   49       0.0000000      0.0000000     19.1187501    au    right    0.10000000000000D+00
   50       0.3835534      2.8420447     19.4212834    au    right    0.10000000000000D+00
   51      -2.6232315     -1.1460310     19.4667833    au    right    0.10000000000000D+00
   52      -2.2396782      1.6960138     19.7693166    au    right    0.10000000000000D+00
   53      -1.8225562     -3.8682943     16.5376338    au    right    0.50000000000000D-01
$end
