$self.energy: imaginary piece per atom
    1      -1.9719343      2.0954852     11.4265721    n     empty    0.00000000000000D+00
    2      -2.7277493      3.1707910     11.6388139    c     empty    0.00000000000000D+00
    3      -1.7788468      1.9930868     10.0543605    c     empty    0.00000000000000D+00
    4      -2.4407815      3.0331580      9.4407543    c     empty    0.00000000000000D+00
    5      -3.0301330      3.7620708     10.4556462    n     empty    0.00000000000000D+00
    6      -3.0548072      3.5331251     12.6073126    h     empty    0.00000000000000D+00
    7      -2.5348877      3.3065306      8.3961575    h     empty    0.00000000000000D+00
    8      -0.9954756      0.8896441      9.4247105    c     empty    0.00000000000000D+00
    9      -0.0001940      0.8300570      9.8965059    h     empty    0.00000000000000D+00
   10      -0.8418907      1.1208266      8.3584921    h     empty    0.00000000000000D+00
   11      -1.7034452     -0.4656591      9.5374614    c     empty    0.00000000000000D+00
   12      -1.7387948     -0.7877074     10.5924805    h     empty    0.00000000000000D+00
   13      -2.7352551     -0.3822247      9.1696199    h     empty    0.00000000000000D+00
   14      -1.0117011     -1.4773745      8.6948886    n     empty    0.00000000000000D+00
   15      -0.0393810     -1.5872785      9.0014572    h     empty    0.00000000000000D+00
   16      -1.4541047     -2.3928083      8.8172019    h     empty    0.00000000000000D+00
   17      -3.5858052      4.6050073     10.3420526    h     empty    0.00000000000000D+00
   18      -1.0240489     -1.0497205      6.4661724    au    empty    0.00000000000000D+00
   19      -0.9733192      0.9772431      4.6121154    au    empty    0.00000000000000D+00
   20       0.9177694     -1.2750364      4.5146988    au    empty    0.00000000000000D+00
   21      -1.9433289     -1.7817589      4.0393570    au    empty    0.00000000000000D+00
   22      -0.9836486      2.9086829      2.5839737    au    left     0.50000000000000D-01
   23       0.8972855      0.7232079      2.5434271    au    left     0.50000000000000D-01
   24       2.7782196     -1.4622671      2.5028805    au    left     0.50000000000000D-01
   25      -1.9012255      0.2262276      2.0563906    au    left     0.50000000000000D-01
   26      -0.0202915     -1.9592474      2.0158440    au    left     0.50000000000000D-01
   27      -2.8188025     -2.4562277      1.5288075    au    left     0.50000000000000D-01
   28       0.9175769      2.6824553      0.4275831    au    left     0.10000000000000D+00
   29       2.7985110      0.4969803      0.3870365    au    left     0.10000000000000D+00
   30      -1.8809341      2.1854750     -0.0594534    au    left     0.10000000000000D+00
   31       0.0000000      0.0000000     -0.1000000    au    left     0.10000000000000D+00
   32       1.8809341     -2.1854750     -0.1405466    au    left     0.10000000000000D+00
   33      -2.7985110     -0.4969803     -0.5870365    au    left     0.10000000000000D+00
   34      -0.9175770     -2.6824553     -0.6275831    au    left     0.10000000000000D+00
   35      -3.7821596      2.4117026      2.0969372    au    left     0.50000000000000D-01
   36      -1.2868250      0.8596963     13.1228905    au    empty    0.00000000000000D+00
   37      -0.2114865     -0.9179542     14.8283896    au    empty    0.00000000000000D+00
   38       0.1558941      1.9632849     15.2162960    au    empty    0.00000000000000D+00
   39      -2.5492619      0.7930409     15.5537286    au    empty    0.00000000000000D+00
   40       0.8006754     -2.7222634     16.7396006    au    right    0.50000000000000D-01
   41       1.1842288      0.1197813     17.0421339    au    right    0.50000000000000D-01
   42       1.5677821      2.9618261     17.3446673    au    right    0.50000000000000D-01
   43      -1.4390028     -1.0262496     17.3901671    au    right    0.50000000000000D-01
   44      -1.0554494      1.8157951     17.6927004    au    right    0.50000000000000D-01
   45      -3.6786810      0.6697642     18.0407336    au    right    0.50000000000000D-01
   46       2.2396782     -1.6960138     19.0181837    au    right    0.10000000000000D+00
   47       2.6232316      1.1460310     19.3207170    au    right    0.10000000000000D+00
   48      -0.3835534     -2.8420447     19.3662168    au    right    0.10000000000000D+00
   49       0.0000000      0.0000000     19.6687501    au    right    0.10000000000000D+00
   50       0.3835534      2.8420447     19.9712834    au    right    0.10000000000000D+00
   51      -2.6232315     -1.1460310     20.0167833    au    right    0.10000000000000D+00
   52      -2.2396782      1.6960138     20.3193166    au    right    0.10000000000000D+00
   53      -1.8225562     -3.8682943     17.0876338    au    right    0.50000000000000D-01
$end
